1 20181120 Nguyen_Hoa 0988990011
2 20182121 Tran_Quang 0999001122
3 20183122 Le_Thanh 0900112233
4 20184123 Pham_Trang 0911223345
5 20185124 Do_Thao 0922334456
6 20186125 Hoang_Nam 0933445567
7 20187126 Bui_Linh 0944556678
8 20188127 Nguyen_Kiet 0955667789
9 20189128 Tran_Hieu 0966778890
10 20180129 Le_Hoa 0977889901
11 20181130 Pham_Minh 0988001122
12 20182131 Tran_Hung 0999112233
13 20183132 Le_Quyen 0900223344
14 20184133 Pham_Tuan 0911334455
15 20185134 Do_Lan 0922445566
16 20186135 Hoang_Anh 0933556677
17 20187136 Bui_Hoa 0944667788
18 20188137 Nguyen_Tam 0955778899
19 20189138 Tran_Khanh 0966889900
20 20180139 Le_Nam 0977990011
21 20181140 Pham_Hoa 0988112233
22 20182141 Tran_Trang 0999223344
23 20183142 Le_Tuan 0900334455
24 20184143 Pham_Quyen 0911445566
25 20185144 Do_Hung 0922556677
26 20186145 Hoang_Lan 0933667788
27 20187146 Bui_Anh 0944778899
28 20188147 Nguyen_Hoa2 0955889900
29 20189148 Tran_Tam 0966990011
30 20180149 Le_Kiet 0978001122
31 20181150 Pham_Hieu 0988223344
32 20182151 Tran_Nam 0999334455
33 20183152 Le_Minh 0900445566
34 20184153 Pham_Linh 0911556677
35 20185154 Do_Trang 0922667788
36 20186155 Hoang_Tuan 0933778899
37 20187156 Bui_Quyen 0944889900
38 20188157 Nguyen_Hung 0955990011
39 20189158 Tran_Lan 0968001122
40 20180159 Le_Anh 0978112233
41 20181160 Pham_Trang2 0988334455
42 20182161 Tran_Quyen2 0999445566
43 20183162 Le_Hung2 0900556677
44 20184163 Pham_Lan2 0911667788
45 20185164 Do_Anh2 0922778899
46 20186165 Hoang_Trang2 0933889900
47 20187166 Bui_Tam2 0945990011
48 20188167 Nguyen_Khanh2 0956001122
49 20189168 Tran_Hoa3 0968112233
50 20180169 Le_Tam3 0978223344
51 20181170 Pham_Quyen3 0988445566
52 20182171 Tran_Hoa4 0999556677
53 20183172 Le_Tam4 0900667788
54 20184173 Pham_Anh3 0911778899
55 20185174 Do_Linh3 0922889900
56 20186175 Hoang_Hoa3 0934001122
57 20187176 Bui_Minh3 0946112233
58 20188177 Nguyen_Trang3 0956223344
59 20189178 Tran_Quyen4 0968334455
60 20180179 Le_Hoa4 0978445566
61 20181180 Pham_Tam4 0988556677
62 20182181 Tran_Lan3 0999667788
63 20183182 Le_Anh4 0900778899
64 20184183 Pham_Hung3 0911889900
65 20185184 Do_Quyen3 0924112233
66 20186185 Hoang_Tam4 0934223344
67 20187186 Bui_Hoa3 0946334455
68 20188187 Nguyen_Lan3 0956445566
69 20189188 Tran_Anh4 0968556677
70 20180189 Le_Trang4 0978667788
71 20181190 Pham_Minh4 0988778899
72 20182191 Tran_Hoa5 0999889900
73 20183192 Le_Tam5 0901001122
74 20184193 Pham_Anh4 0912112233
75 20185194 Do_Linh4 0922223344
76 20186195 Hoang_Hoa4 0934334455
77 20187196 Bui_Minh4 0946445566
78 20188197 Nguyen_Trang4 0956556677
79 20189198 Tran_Quyen5 0968667788
80 20180199 Le_Hoa5 0978778899
81 20181200 Pham_Tam5 0988889900
82 20182201 Tran_Lan4 0999112233
83 20183202 Le_Anh5 0901223344
84 20184203 Pham_Hung4 0912334455
85 20185204 Do_Quyen4 0922445566
86 20186205 Hoang_Tam5 0934556677
87 20187206 Bui_Hoa4 0946667788
88 20188207 Nguyen_Lan4 0956778899
89 20189208 Tran_Anh5 0968889900
90 20180209 Le_Trang5 0979112233
91 20181210 Pham_Minh5 0989223344
92 20182211 Tran_Hoa6 0999334455
93 20183212 Le_Tam6 0901445566
94 20184213 Pham_Anh5 0912556677
95 20185214 Do_Linh5 0922667788
96 20186215 Hoang_Hoa5 0934778899
97 20187216 Bui_Minh5 0946889900
98 20188217 Nguyen_Trang5 0956990011
99 20189218 Tran_Quyen6 0969001122
100 20180219 Le_Hoa6 0979112233
101 20181220 Pham_Tam6 0989223344
102 20182221 Tran_Lan5 0999334455
103 20183222 Le_Anh6 0901445566
104 20184223 Pham_Hung5 0912556677
105 20185224 Do_Quyen5 0922667788
106 20186225 Hoang_Tam6 0933778899
107 20187226 Bui_Hoa5 0944889900
108 20188227 Nguyen_Lan5 0955990011
109 20189228 Tran_Anh6 0968001122
110 20180229 Le_Trang6 0978112233
111 20181230 Pham_Minh6 0988223344
112 20182231 Tran_Hoa7 0998334455
113 20183232 Le_Tam7 0900445566
114 20184233 Pham_Anh6 0910556677
115 20185234 Do_Linh6 0920667788
116 20186235 Hoang_Hoa6 0930778899
117 20187236 Bui_Minh6 0940889900
118 20188237 Nguyen_Trang6 0950990011
119 20189238 Tran_Quyen7 0961001122
120 20180239 Le_Hoa7 0971112233
121 20181240 Pham_Tam7 0981223344
122 20182241 Tran_Lan6 0991334455
123 20183242 Le_Anh7 0901445566
124 20184243 Pham_Hung6 0911556677
125 20185244 Do_Quyen6 0921667788
126 20186245 Hoang_Tam7 0931778899
127 20187246 Bui_Hoa6 0941889900
128 20188247 Nguyen_Lan6 0951990011
129 20189248 Tran_Anh7 0962001122
130 20180249 Le_Trang7 0972112233
131 20181250 Pham_Minh7 0982223344
132 20182251 Tran_Hoa8 0992334455
133 20183252 Le_Tam8 0902445566
134 20184253 Pham_Anh7 0912556677
135 20185254 Do_Linh7 0922667788
136 20186255 Hoang_Hoa7 0932778899
137 20187256 Bui_Minh7 0942889900
138 20188257 Nguyen_Trang7 0952990011
139 20189258 Tran_Quyen8 0963001122
140 20180259 Le_Hoa8 0973112233
141 20181260 Pham_Tam8 0983223344
142 20182261 Tran_Lan7 0993334455
143 20183262 Le_Anh8 0903445566
144 20184263 Pham_Hung7 0913556677
145 20185264 Do_Quyen7 0923667788
146 20186265 Hoang_Tam8 0933778899
147 20187266 Bui_Hoa7 0943889900
148 20188267 Nguyen_Lan7 0953990011
149 20189268 Tran_Anh8 0964001122
150 20180269 Le_Trang8 0974112233
151 20181270 Pham_Minh8 0984223344
152 20182271 Tran_Hoa9 0994334455
153 20183272 Le_Tam9 0904445566
154 20184273 Pham_Anh8 0914556677
155 20185274 Do_Linh8 0924667788
156 20186275 Hoang_Hoa8 0934778899
157 20187276 Bui_Minh8 0944889900
158 20188277 Nguyen_Trang8 0954990011
159 20189278 Tran_Quyen9 0965001122
160 20180279 Le_Hoa9 0975112233
161 20181280 Pham_Tam9 0985223344
162 20182281 Tran_Lan8 0995334455
163 20183282 Le_Anh9 0905445566
164 20184283 Pham_Hung8 0915556677
165 20185284 Do_Quyen8 0925667788
166 20186285 Hoang_Tam9 0935778899
167 20187286 Bui_Hoa8 0945889900
168 20188287 Nguyen_Lan8 0955990011
169 20189288 Tran_Anh9 0966001122
170 20180289 Le_Trang9 0976112233
171 20181290 Pham_Minh9 0986223344
172 20182291 Tran_Hoa10 0996334455
173 20183292 Le_Tam10 0906445566
174 20184293 Pham_Anh9 0916556677
175 20185294 Do_Linh9 0926667788
176 20186295 Hoang_Hoa9 0936778899
177 20187296 Bui_Minh9 0946889900
178 20188297 Nguyen_Trang9 0956990011
179 20189298 Tran_Quyen10 0967001122
180 20180299 Le_Hoa10 0977112233
181 20181300 Pham_Tam10 0987223344
182 20182301 Tran_Lan9 0997334455
183 20183302 Le_Anh10 0907445566
184 20184303 Pham_Hung9 0917556677
185 20185304 Do_Quyen9 0927667788
186 20186305 Hoang_Tam10 0937778899
187 20187306 Bui_Hoa9 0947889900
188 20188307 Nguyen_Lan9 0957990011
189 20189308 Tran_Anh10 0968001122
190 20180309 Le_Trang10 0978112233
191 20181310 Pham_Minh10 0988223344
192 20182311 Tran_Hoa11 0998334455
193 20183312 Le_Tam11 0908445566
194 20184313 Pham_Anh10 0918556677
195 20185314 Do_Linh10 0928667788
196 20186315 Hoang_Hoa10 0938778899
197 20187316 Bui_Minh10 0948889900
198 20188317 Nguyen_Trang10 0958990011
199 20189318 Tran_Quyen11 0969001122
200 20180319 Le_Hoa11 0979112233
201 20181320 Pham_Tam11 0989223344
202 20182321 Tran_Lan10 0999334455
203 20183322 Le_Anh11 0909445566
204 20184323 Pham_Hung10 0919556677
205 20185324 Do_Quyen10 0929667788
206 20186325 Hoang_Tam11 0939778899
207 20187326 Bui_Hoa10 0949889900
208 20188327 Nguyen_Lan10 0959990011
209 20189328 Tran_Anh11 0960001122
210 20180329 Le_Trang11 0970112233
211 20181330 Pham_Minh11 0980223344
212 20182331 Tran_Hoa12 0990334455
213 20183332 Le_Tam12 0900445566
214 20184333 Pham_Anh11 0910556677
215 20185334 Do_Linh11 0920667788
216 20186335 Hoang_Hoa11 0930778899
217 20187336 Bui_Minh11 0940889900
218 20188337 Nguyen_Trang11 0950990011
219 20189338 Tran_Quyen12 0961001122
220 20180339 Le_Hoa12 0971112233
221 20181340 Pham_Tam12 0981223344
222 20182341 Tran_Lan11 0991334455
223 20183342 Le_Anh12 0901445566
224 20184343 Pham_Hung11 0911556677
225 20185344 Do_Quyen11 0921667788
226 20186345 Hoang_Tam12 0931778899
227 20187346 Bui_Hoa11 0941889900
228 20188347 Nguyen_Lan11 0951990011
229 20189348 Tran_Anh12 0962001122
230 20180349 Le_Trang12 0972112233
231 20181350 Pham_Minh12 0982223344
232 20182351 Tran_Hoa13 0992334455
233 20183352 Le_Tam13 0902445566
234 20184353 Pham_Anh12 0912556677
235 20185354 Do_Linh12 0922667788
236 20186355 Hoang_Hoa12 0932778899
237 20187356 Bui_Minh12 0942889900
238 20188357 Nguyen_Trang12 0952990011
239 20189358 Tran_Quyen13 0963001122
240 20180359 Le_Hoa13 0973112233
241 20181360 Pham_Tam13 0983223344
242 20182361 Tran_Lan12 0993334455
243 20183362 Le_Anh13 0903445566
244 20184363 Pham_Hung12 0913556677
245 20185364 Do_Quyen12 0923667788
246 20186365 Hoang_Tam13 0933778899
247 20187366 Bui_Hoa12 0943889900
248 20188367 Nguyen_Lan12 0953990011
249 20189368 Tran_Anh13 0964001122
250 20180369 Le_Trang13 0974112233
251 20181370 Pham_Minh13 0984223344
252 20182371 Tran_Hoa14 0994334455
253 20183372 Le_Tam14 0904445566
254 20184373 Pham_Anh13 0914556677
255 20185374 Do_Linh13 0924667788
256 20186375 Hoang_Hoa13 0934778899
257 20187376 Bui_Minh13 0944889900
258 20188377 Nguyen_Trang13 0954990011
259 20189378 Tran_Quyen14 0965001122
260 20180379 Le_Hoa14 0975112233
261 20181380 Pham_Tam14 0985223344
262 20182381 Tran_Lan13 0995334455
263 20183382 Le_Anh14 0905445566
264 20184383 Pham_Hung13 0915556677
265 20185384 Do_Quyen13 0925667788
266 20186385 Hoang_Tam14 0935778899
267 20187386 Bui_Hoa13 0945889900
268 20188387 Nguyen_Lan13 0955990011
269 20189388 Tran_Anh14 0966001122
270 20180389 Le_Trang14 0976112233
271 20181390 Pham_Minh14 0986223344
272 20182391 Tran_Hoa15 0996334455
273 20183392 Le_Tam15 0906445566
274 20184393 Pham_Anh14 0916556677
275 20185394 Do_Linh14 0926667788
276 20186395 Hoang_Hoa14 0936778899
277 20187396 Bui_Minh14 0946889900
278 20188397 Nguyen_Trang14 0956990011
279 20189398 Tran_Quyen15 0967001122
280 20180399 Le_Hoa15 0977112233
281 20181400 Pham_Tam15 0987223344
282 20182401 Tran_Lan14 0997334455
283 20183402 Le_Anh15 0907445566
284 20184403 Pham_Hung14 0917556677
285 20185404 Do_Quyen14 0927667788
286 20186405 Hoang_Tam15 0937778899
287 20187406 Bui_Hoa14 0947889900
288 20188407 Nguyen_Lan14 0957990011
289 20189408 Tran_Anh15 0968001122
290 20180409 Le_Trang15 0978112233
291 20181410 Pham_Minh15 0988223344
292 20182411 Tran_Hoa16 0998334455
293 20183412 Le_Tam16 0908445566
294 20184413 Pham_Anh15 0918556677
295 20185414 Do_Linh15 0928667788
296 20186415 Hoang_Hoa15 0938778899
297 20187416 Bui_Minh15 0948889900
298 20188417 Nguyen_Trang15 0958990011
299 20189418 Tran_Quyen16 0969001122
300 20180419 Le_Hoa16 0979112233
301 20181420 Pham_Tam16 0989223344
302 20182421 Tran_Lan15 0999334455
303 20183422 Le_Anh16 0909445566
304 20184423 Pham_Hung15 0919556677
305 20185424 Do_Quyen15 0929667788
306 20186425 Hoang_Tam16 0939778899
307 20187426 Bui_Hoa15 0949889900
308 20188427 Nguyen_Lan15 0959990011
309 20189428 Tran_Anh16 0960001122
310 20180429 Le_Trang16 0970112233
311 20181430 Pham_Minh16 0980223344
312 20182431 Tran_Hoa17 0990334455
313 20183432 Le_Tam17 0900445566
314 20184433 Pham_Anh16 0910556677
315 20185434 Do_Linh16 0920667788
316 20186435 Hoang_Hoa16 0930778899
317 20187436 Bui_Minh16 0940889900
318 20188437 Nguyen_Trang16 0950990011
319 20189438 Tran_Quyen17 0961001122
320 20180439 Le_Hoa17 0971112233
321 20181440 Pham_Tam17 0981223344
322 20182441 Tran_Lan16 0991334455
323 20183442 Le_Anh17 0901445566
324 20184443 Pham_Hung16 0911556677
325 20185444 Do_Quyen16 0921667788
326 20186445 Hoang_Tam17 0931778899
327 20187446 Bui_Hoa16 0941889900
328 20188447 Nguyen_Lan16 0951990011
329 20189448 Tran_Anh17 0962001122
330 20180449 Le_Trang17 0972112233
331 20181450 Pham_Minh17 0982223344
332 20182451 Tran_Hoa18 0992334455
333 20183452 Le_Tam18 0902445566
334 20184453 Pham_Anh17 0912556677
335 20185454 Do_Linh17 0922667788
336 20186455 Hoang_Hoa17 0932778899
337 20187456 Bui_Minh17 0942889900
338 20188457 Nguyen_Trang17 0952990011
339 20189458 Tran_Quyen18 0963001122
340 20180459 Le_Hoa18 0973112233
341 20181460 Pham_Tam18 0983223344
342 20182461 Tran_Lan17 0993334455
343 20183462 Le_Anh18 0903445566
344 20184463 Pham_Hung17 0913556677
345 20185464 Do_Quyen17 0923667788
346 20186465 Hoang_Tam18 0933778899
347 20187466 Bui_Hoa17 0943889900
348 20188467 Nguyen_Lan17 0953990011
349 20189468 Tran_Anh18 0964001122
350 20180469 Le_Trang18 0974112233
351 20181470 Pham_Minh18 0984223344
352 20182471 Tran_Hoa19 0994334455
353 20183472 Le_Tam19 0904445566
354 20184473 Pham_Anh18 0914556677
355 20185474 Do_Linh18 0924667788
356 20186475 Hoang_Hoa18 0934778899
357 20187476 Bui_Minh18 0944889900
358 20188477 Nguyen_Trang18 0954990011
359 20189478 Tran_Quyen19 0965001122
360 20180479 Le_Hoa19 0975112233
361 20181480 Pham_Tam19 0985223344
362 20182481 Tran_Lan18 0995334455
363 20183482 Le_Anh19 0905445566
364 20184483 Pham_Hung18 0915556677
365 20185484 Do_Quyen18 0925667788
366 20186485 Hoang_Tam19 0935778899
367 20187486 Bui_Hoa18 0945889900
368 20188487 Nguyen_Lan18 0955990011
369 20189488 Tran_Anh19 0966001122
370 20180489 Le_Trang19 0976112233
371 20181490 Pham_Minh19 0986223344
372 20182491 Tran_Hoa20 0996334455
373 20183492 Le_Tam20 0906445566
374 20184493 Pham_Anh19 0916556677
375 20185494 Do_Linh19 0926667788
376 20186495 Hoang_Hoa19 0936778899
377 20187496 Bui_Minh19 0946889900
378 20188497 Nguyen_Trang19 0956990011
379 20189498 Tran_Quyen20 0967001122
380 20180499 Le_Hoa20 0977112233
381 20181500 Pham_Tam20 0987223344
382 20182501 Tran_Lan19 0997334455
383 20183502 Le_Anh20 0907445566
384 20184503 Pham_Hung19 0917556677
385 20185504 Do_Quyen19 0927667788
386 20186505 Hoang_Tam20 0937778899
387 20187506 Bui_Hoa19 0947889900
388 20188507 Nguyen_Lan19 0957990011
389 20189508 Tran_Anh20 0968001122
390 20180509 Le_Trang20 0978112233
391 20181510 Pham_Minh20 0988223344
392 20182511 Tran_Hoa21 0998334455
393 20183512 Le_Tam21 0908445566
394 20184513 Pham_Anh20 0918556677
395 20185514 Do_Linh20 0928667788
396 20186515 Hoang_Hoa20 0938778899
397 20187516 Bui_Minh20 0948889900
398 20188517 Nguyen_Trang20 0958990011
399 20189518 Tran_Quyen21 0969001122
400 20180519 Le_Hoa21 0979112233
401 20181520 Pham_Tam21 0989223344
402 20182521 Tran_Lan20 0999334455
403 20183522 Le_Anh21 0909445566
404 20184523 Pham_Hung20 0919556677
405 20185524 Do_Quyen20 0929667788
406 20186525 Hoang_Tam21 0939778899
407 20187526 Bui_Hoa20 0949889900
408 20188527 Nguyen_Lan20 0959990011
409 20189528 Tran_Anh21 0960001122
410 20180529 Le_Trang21 0970112233
411 20181530 Pham_Minh21 0980223344
412 20182531 Tran_Hoa22 0990334455
413 20183532 Le_Tam22 0900445566
414 20184533 Pham_Anh21 0910556677
415 20185534 Do_Linh21 0920667788
416 20186535 Hoang_Hoa21 0930778899
417 20187536 Bui_Minh21 0940889900
418 20188537 Nguyen_Trang21 0950990011
419 20189538 Tran_Quyen22 0961001122
420 20180539 Le_Hoa22 0971112233
421 20181540 Pham_Tam22 0981223344
422 20182541 Tran_Lan21 0991334455
423 20183542 Le_Anh22 0901445566
424 20184543 Pham_Hung21 0911556677
425 20185544 Do_Quyen21 0921667788
426 20186545 Hoang_Tam22 0931778899
427 20187546 Bui_Hoa21 0941889900
428 20188547 Nguyen_Lan21 0951990011
429 20189548 Tran_Anh22 0962001122
430 20180549 Le_Trang22 0972112233
431 20181550 Pham_Minh22 0982223344
432 20182551 Tran_Hoa23 0992334455
433 20183552 Le_Tam23 0902445566
434 20184553 Pham_Anh22 0912556677
435 20185554 Do_Linh22 0922667788
436 20186555 Hoang_Hoa22 0932778899
437 20187556 Bui_Minh22 0942889900
438 20188557 Nguyen_Trang22 0952990011
439 20189558 Tran_Quyen23 0963001122
440 20180559 Le_Hoa23 0973112233
441 20181560 Pham_Tam23 0983223344
442 20182561 Tran_Lan22 0993334455
443 20183562 Le_Anh23 0903445566
444 20184563 Pham_Hung22 0913556677
445 20185564 Do_Quyen22 0923667788
446 20186565 Hoang_Tam23 0933778899
447 20187566 Bui_Hoa22 0943889900
448 20188567 Nguyen_Lan22 0953990011
449 20189568 Tran_Anh23 0964001122
450 20180569 Le_Trang23 0974112233
451 20181570 Pham_Minh23 0984223344
452 20182571 Tran_Hoa24 0994334455
453 20183572 Le_Tam24 0904445566
454 20184573 Pham_Anh23 0914556677
455 20185574 Do_Linh23 0924667788
456 20186575 Hoang_Hoa23 0934778899
457 20187576 Bui_Minh23 0944889900
458 20188577 Nguyen_Trang23 0954990011
459 20189578 Tran_Quyen24 0965001122
460 20180579 Le_Hoa24 0975112233
461 20181580 Pham_Tam24 0985223344
462 20182581 Tran_Lan23 0995334455
463 20183582 Le_Anh24 0905445566
464 20184583 Pham_Hung23 0915556677
465 20185584 Do_Quyen23 0925667788
466 20186585 Hoang_Tam24 0935778899
467 20187586 Bui_Hoa23 0945889900
468 20188587 Nguyen_Lan23 0955990011
469 20189588 Tran_Anh24 0966001122
470 20180589 Le_Trang24 0976112233
471 20181590 Pham_Minh24 0986223344
472 20182591 Tran_Hoa25 0996334455
473 20183592 Le_Tam25 0906445566
474 20184593 Pham_Anh24 0916556677
475 20185594 Do_Linh24 0926667788
476 20186595 Hoang_Hoa24 0936778899
477 20187596 Bui_Minh24 0946889900
478 20188597 Nguyen_Trang24 0956990011
479 20189598 Tran_Quyen25 0967001122
480 20180599 Le_Hoa25 0977112233
481 20181600 Pham_Tam25 0987223344
482 20182601 Tran_Lan24 0997334455
483 20183602 Le_Anh25 0907445566
484 20184603 Pham_Hung24 0917556677
485 20185604 Do_Quyen24 0927667788
486 20186605 Hoang_Tam25 0937778899
487 20187606 Bui_Hoa24 0947889900
488 20188607 Nguyen_Lan24 0957990011
489 20189608 Tran_Anh25 0968001122
490 20180609 Le_Trang25 0978112233
491 20181610 Pham_Minh25 0988223344
492 20182611 Tran_Hoa26 0998334455
493 20183612 Le_Tam26 0908445566
494 20184613 Pham_Anh25 0918556677
495 20185614 Do_Linh25 0928667788
496 20186615 Hoang_Hoa25 0938778899
497 20187616 Bui_Minh25 0948889900
498 20188617 Nguyen_Trang25 0958990011
499 20189618 Tran_Quyen26 0969001122
500 20180619 Le_Hoa26 0979112233
501 20181620 Pham_Tam26 0989223344
502 20182621 Tran_Lan25 0999334455
503 20183622 Le_Anh26 0909445566
504 20184623 Pham_Hung25 0919556677
505 20185624 Do_Quyen25 0929667788
506 20186625 Hoang_Tam26 0939778899
507 20187626 Bui_Hoa25 0949889900
508 20188627 Nguyen_Lan25 0959990011
509 20189628 Tran_Anh26 0960001122
510 20180629 Le_Trang26 0970112233
511 20181630 Pham_Minh26 0980223344
512 20182631 Tran_Hoa27 0990334455
513 20183632 Le_Tam27 0900445566
514 20184633 Pham_Anh26 0910556677
515 20185634 Do_Linh26 0920667788
516 20186635 Hoang_Hoa26 0930778899
517 20187636 Bui_Minh26 0940889900
518 20188637 Nguyen_Trang26 0950990011
519 20189638 Tran_Quyen27 0961001122
520 20180639 Le_Hoa27 0971112233
521 20181640 Pham_Tam27 0981223344
522 20182641 Tran_Lan26 0991334455
523 20183642 Le_Anh27 0901445566
524 20184643 Pham_Hung26 0911556677
525 20185644 Do_Quyen26 0921667788
526 20186645 Hoang_Tam27 0931778899
527 20187646 Bui_Hoa26 0941889900
528 20188647 Nguyen_Lan26 0951990011
529 20189648 Tran_Anh27 0962001122
530 20180649 Le_Trang27 0972112233
531 20181650 Pham_Minh27 0982223344
532 20182651 Tran_Hoa28 0992334455
533 20183652 Le_Tam28 0902445566
534 20184653 Pham_Anh27 0912556677
535 20185654 Do_Linh27 0922667788
536 20186655 Hoang_Hoa27 0932778899
537 20187656 Bui_Minh27 0942889900
538 20188657 Nguyen_Trang27 0952990011
539 20189658 Tran_Quyen28 0963001122
540 20180659 Le_Hoa28 0973112233
541 20181660 Pham_Tam28 0983223344
542 20182661 Tran_Lan27 0993334455
543 20183662 Le_Anh28 0903445566
544 20184663 Pham_Hung27 0913556677
545 20185664 Do_Quyen27 0923667788
546 20186665 Hoang_Tam28 0933778899
547 20187666 Bui_Hoa27 0943889900
548 20188667 Nguyen_Lan27 0953990011
549 20189668 Tran_Anh28 0964001122
550 20180669 Le_Trang28 0974112233
551 20181670 Pham_Minh28 0984223344
552 20182671 Tran_Hoa29 0994334455
553 20183672 Le_Tam29 0904445566
554 20184673 Pham_Anh28 0914556677
555 20185674 Do_Linh28 0924667788
556 20186675 Hoang_Hoa28 0934778899
557 20187676 Bui_Minh28 0944889900
558 20188677 Nguyen_Trang28 0954990011
559 20189678 Tran_Quyen29 0965001122
560 20180679 Le_Hoa29 0975112233
561 20181680 Pham_Tam29 0985223344
562 20182681 Tran_Lan28 0995334455
563 20183682 Le_Anh29 0905445566
564 20184683 Pham_Hung28 0915556677
565 20185684 Do_Quyen28 0925667788
566 20186685 Hoang_Tam29 0935778899
567 20187686 Bui_Hoa28 0945889900
568 20188687 Nguyen_Lan28 0955990011
569 20189688 Tran_Anh29 0966001122
570 20180689 Le_Trang29 0976112233
571 20181690 Pham_Minh29 0986223344
572 20182691 Tran_Hoa30 0996334455
573 20183692 Le_Tam30 0906445566
574 20184693 Pham_Anh29 0916556677
575 20185694 Do_Linh29 0926667788
576 20186695 Hoang_Hoa29 0936778899
577 20187696 Bui_Minh29 0946889900
578 20188697 Nguyen_Trang29 0956990011
579 20189698 Tran_Quyen30 0967001122
580 20180699 Le_Hoa30 0977112233
581 20181700 Pham_Tam30 0987223344
582 20182701 Tran_Lan29 0997334455
583 20183702 Le_Anh30 0907445566
584 20184703 Pham_Hung29 0917556677
585 20185704 Do_Quyen29 0927667788
586 20186705 Hoang_Tam30 0937778899
587 20187706 Bui_Hoa29 0947889900
588 20188707 Nguyen_Lan29 0957990011
589 20189708 Tran_Anh30 0968001122
590 20180709 Le_Trang30 0978112233
591 20181710 Pham_Minh30 0988223344
592 20182711 Tran_Hoa31 0998334455
593 20183712 Le_Tam31 0908445566
594 20184713 Pham_Anh30 0918556677
595 20185714 Do_Linh30 0928667788
596 20186715 Hoang_Hoa30 0938778899
597 20187716 Bui_Minh30 0948889900
598 20188717 Nguyen_Trang30 0958990011
599 20189718 Tran_Quyen31 0969001122
600 20180719 Le_Hoa31 0979112233
601 20181720 Pham_Tam31 0989223344
602 20182721 Tran_Lan30 0999334455
603 20183722 Le_Anh31 0909445566
604 20184723 Pham_Hung30 0919556677
605 20185724 Do_Quyen30 0929667788
606 20186725 Hoang_Tam31 0939778899
607 20187726 Bui_Hoa30 0949889900
608 20188727 Nguyen_Lan30 0959990011
609 20189728 Tran_Anh31 0960001122
610 20180729 Le_Trang31 0970112233
611 20181730 Pham_Minh31 0980223344
612 20182731 Tran_Hoa32 0990334455
613 20183732 Le_Tam32 0900445566
614 20184733 Pham_Anh31 0910556677
615 20185734 Do_Linh31 0920667788
616 20186735 Hoang_Hoa31 0930778899
617 20187736 Bui_Minh31 0940889900
618 20188737 Nguyen_Trang31 0950990011
619 20189738 Tran_Quyen32 0961001122
620 20180739 Le_Hoa32 0971112233
621 20181740 Pham_Tam32 0981223344
622 20182741 Tran_Lan31 0991334455
623 20183742 Le_Anh32 0901445566
624 20184743 Pham_Hung31 0911556677
625 20185744 Do_Quyen31 0921667788
626 20186745 Hoang_Tam32 0931778899
627 20187746 Bui_Hoa31 0941889900
628 20188747 Nguyen_Lan31 0951990011
629 20189748 Tran_Anh32 0962001122
630 20180749 Le_Trang32 0972112233
631 20181750 Pham_Minh32 0982223344
632 20182751 Tran_Hoa33 0992334455
633 20183752 Le_Tam33 0902445566
634 20184753 Pham_Anh32 0912556677
635 20185754 Do_Linh32 0922667788
636 20186755 Hoang_Hoa32 0932778899
637 20187756 Bui_Minh32 0942889900
638 20188757 Nguyen_Trang32 0952990011
639 20189758 Tran_Quyen33 0963001122
640 20180759 Le_Hoa33 0973112233
641 20181760 Pham_Tam33 0983223344
642 20182761 Tran_Lan32 0993334455
643 20183762 Le_Anh33 0903445566
644 20184763 Pham_Hung32 0913556677
645 20185764 Do_Quyen32 0923667788
646 20186765 Hoang_Tam33 0933778899
647 20187766 Bui_Hoa32 0943889900
648 20188767 Nguyen_Lan32 0953990011
649 20189768 Tran_Anh33 0964001122
650 20180769 Le_Trang33 0974112233
651 20181770 Pham_Minh33 0984223344
652 20182771 Tran_Hoa34 0994334455
653 20183772 Le_Tam34 0904445566
654 20184773 Pham_Anh33 0914556677
655 20185774 Do_Linh33 0924667788
656 20186775 Hoang_Hoa33 0934778899
657 20187776 Bui_Minh33 0944889900
658 20188777 Nguyen_Trang33 0954990011
659 20189778 Tran_Quyen34 0965001122
660 20180779 Le_Hoa34 0975112233
661 20181780 Pham_Tam34 0985223344
662 20182781 Tran_Lan33 0995334455
663 20183782 Le_Anh34 0905445566
664 20184783 Pham_Hung33 0915556677
665 20185784 Do_Quyen33 0925667788
666 20186785 Hoang_Tam34 0935778899
667 20187786 Bui_Hoa33 0945889900
668 20188787 Nguyen_Lan33 0955990011
669 20189788 Tran_Anh34 0966001122
670 20180789 Le_Trang34 0976112233
671 20181790 Pham_Minh34 0986223344
672 20182791 Tran_Hoa35 0996334455
673 20183792 Le_Tam35 0906445566
674 20184793 Pham_Anh34 0916556677
675 20185794 Do_Linh34 0926667788
676 20186795 Hoang_Hoa34 0936778899
677 20187796 Bui_Minh34 0946889900
678 20188797 Nguyen_Trang34 0956990011
679 20189798 Tran_Quyen35 0967001122
680 20180799 Le_Hoa35 0977112233
681 20181800 Pham_Tam35 0987223344
682 20182801 Tran_Lan34 0997334455
683 20183802 Le_Anh35 0907445566
684 20184803 Pham_Hung34 0917556677
685 20185804 Do_Quyen34 0927667788
686 20186805 Hoang_Tam35 0937778899
687 20187806 Bui_Hoa34 0947889900
688 20188807 Nguyen_Lan34 0957990011
689 20189808 Tran_Anh35 0968001122
690 20180809 Le_Trang35 0978112233
691 20181810 Pham_Minh35 0988223344
692 20182811 Tran_Hoa36 0998334455
693 20183812 Le_Tam36 0908445566
694 20184813 Pham_Anh35 0918556677
695 20185814 Do_Linh35 0928667788
696 20186815 Hoang_Hoa35 0938778899
697 20187816 Bui_Minh35 0948889900
698 20188817 Nguyen_Trang35 0958990011
699 20189818 Tran_Quyen36 0969001122
700 20180819 Le_Hoa36 0979112233
701 20181820 Pham_Tam36 0989223344
702 20182821 Tran_Lan35 0999334455
703 20183822 Le_Anh36 0909445566
704 20184823 Pham_Hung35 0919556677
705 20185824 Do_Quyen35 0929667788
706 20186825 Hoang_Tam36 0939778899
707 20187826 Bui_Hoa35 0949889900
708 20188827 Nguyen_Lan35 0959990011
709 20189828 Tran_Anh36 0960001122
710 20180829 Le_Trang36 0970112233
711 20181830 Pham_Minh36 0980223344
712 20182831 Tran_Hoa37 0990334455
713 20183832 Le_Tam37 0900445566
714 20184833 Pham_Anh36 0910556677
715 20185834 Do_Linh36 0920667788
716 20186835 Hoang_Hoa36 0930778899
717 20187836 Bui_Minh36 0940889900
718 20188837 Nguyen_Trang36 0950990011
719 20189838 Tran_Quyen37 0961001122
720 20180839 Le_Hoa37 0971112233
721 20181840 Pham_Tam37 0981223344
722 20182841 Tran_Lan36 0991334455
723 20183842 Le_Anh37 0901445566
724 20184843 Pham_Hung36 0911556677
725 20185844 Do_Quyen36 0921667788
726 20186845 Hoang_Tam37 0931778899
727 20187846 Bui_Hoa36 0941889900
728 20188847 Nguyen_Lan36 0951990011
729 20189848 Tran_Anh37 0962001122
730 20180849 Le_Trang37 0972112233
731 20181850 Pham_Minh37 0982223344
732 20182851 Tran_Hoa38 0992334455
733 20183852 Le_Tam38 0902445566
734 20184853 Pham_Anh37 0912556677
735 20185854 Do_Linh37 0922667788
736 20186855 Hoang_Hoa37 0932778899
737 20187856 Bui_Minh37 0942889900
738 20188857 Nguyen_Trang37 0952990011
739 20189858 Tran_Quyen38 0963001122
740 20180859 Le_Hoa38 0973112233
741 20181860 Pham_Tam38 0983223344
742 20182861 Tran_Lan37 0993334455
743 20183862 Le_Anh38 0903445566
744 20184863 Pham_Hung37 0913556677
745 20185864 Do_Quyen37 0923667788
746 20186865 Hoang_Tam38 0933778899
747 20187866 Bui_Hoa37 0943889900
748 20188867 Nguyen_Lan37 0953990011
749 20189868 Tran_Anh38 0964001122
750 20180869 Le_Trang38 0974112233
751 20181870 Pham_Minh38 0984223344
752 20182871 Tran_Hoa39 0994334455
753 20183872 Le_Tam39 0904445566
754 20184873 Pham_Anh38 0914556677
755 20185874 Do_Linh38 0924667788
756 20186875 Hoang_Hoa38 0934778899
757 20187876 Bui_Minh38 0944889900
758 20188877 Nguyen_Trang38 0954990011
759 20189878 Tran_Quyen39 0965001122
760 20180879 Le_Hoa39 0975112233
761 20181880 Pham_Tam39 0985223344
762 20182881 Tran_Lan38 0995334455
763 20183882 Le_Anh39 0905445566
764 20184883 Pham_Hung38 0915556677
765 20185884 Do_Quyen38 0925667788
766 20186885 Hoang_Tam39 0935778899
767 20187886 Bui_Hoa38 0945889900
768 20188887 Nguyen_Lan38 0955990011
769 20189888 Tran_Anh39 0966001122
770 20180889 Le_Trang39 0976112233
771 20181890 Pham_Minh39 0986223344
772 20182891 Tran_Hoa40 0996334455
773 20183892 Le_Tam40 0906445566
774 20184893 Pham_Anh39 0916556677
775 20185894 Do_Linh39 0926667788
776 20186895 Hoang_Hoa39 0936778899
777 20187896 Bui_Minh39 0946889900
778 20188897 Nguyen_Trang39 0956990011
779 20189898 Tran_Quyen40 0967001122
780 20180899 Le_Hoa40 0977112233
781 20181900 Pham_Tam40 0987223344
782 20182901 Tran_Lan39 0997334455
783 20183902 Le_Anh40 0907445566
784 20184903 Pham_Hung39 0917556677
785 20185904 Do_Quyen39 0927667788
786 20186905 Hoang_Tam40 0937778899
787 20187906 Bui_Hoa39 0947889900
788 20188907 Nguyen_Lan39 0957990011
789 20189908 Tran_Anh40 0968001122
790 20180909 Le_Trang40 0978112233
791 20181910 Pham_Minh40 0988223344
792 20182911 Tran_Hoa41 0998334455
793 20183912 Le_Tam41 0908445566
794 20184913 Pham_Anh40 0918556677
795 20185914 Do_Linh40 0928667788
796 20186915 Hoang_Hoa40 0938778899
797 20187916 Bui_Minh40 0948889900
798 20188917 Nguyen_Trang40 0958990011
799 20189918 Tran_Quyen41 0969001122
800 20180919 Le_Hoa41 0979112233
801 20181920 Pham_Tam41 0989223344
802 20182921 Tran_Lan40 0999334455
803 20183922 Le_Anh41 0909445566
804 20184923 Pham_Hung40 0919556677
805 20185924 Do_Quyen40 0929667788
806 20186925 Hoang_Tam41 0939778899
807 20187926 Bui_Hoa40 0949889900
808 20188927 Nguyen_Lan40 0959990011
809 20189928 Tran_Anh41 0960001122
810 20180929 Le_Trang41 0970112233
811 20181930 Pham_Minh41 0980223344
812 20182931 Tran_Hoa42 0990334455
813 20183932 Le_Tam42 0900445566
814 20184933 Pham_Anh41 0910556677
815 20185934 Do_Linh41 0920667788
816 20186935 Hoang_Hoa41 0930778899
817 20187936 Bui_Minh41 0940889900
818 20188937 Nguyen_Trang41 0950990011
819 20189938 Tran_Quyen42 0961001122
820 20180939 Le_Hoa42 0971112233
821 20181940 Pham_Tam42 0981223344
822 20182941 Tran_Lan41 0991334455
823 20183942 Le_Anh42 0901445566
824 20184943 Pham_Hung41 0911556677
825 20185944 Do_Quyen41 0921667788
826 20186945 Hoang_Tam42 0931778899
827 20187946 Bui_Hoa41 0941889900
828 20188947 Nguyen_Lan41 0951990011
829 20189948 Tran_Anh42 0962001122
830 20180949 Le_Trang42 0972112233
831 20181950 Pham_Minh42 0982223344
832 20182951 Tran_Hoa43 0992334455
833 20183952 Le_Tam43 0902445566
834 20184953 Pham_Anh42 0912556677
835 20185954 Do_Linh42 0922667788
836 20186955 Hoang_Hoa42 0932778899
837 20187956 Bui_Minh42 0942889900
838 20188957 Nguyen_Trang42 0952990011
839 20189958 Tran_Quyen43 0963001122
840 20180959 Le_Hoa43 0973112233
841 20181960 Pham_Tam43 0983223344
842 20182961 Tran_Lan42 0993334455
843 20183962 Le_Anh43 0903445566
844 20184963 Pham_Hung42 0913556677
845 20185964 Do_Quyen42 0923667788
846 20186965 Hoang_Tam43 0933778899
847 20187966 Bui_Hoa42 0943889900
848 20188967 Nguyen_Lan42 0953990011
849 20189968 Tran_Anh43 0964001122
850 20180969 Le_Trang43 0974112233
851 20181970 Pham_Minh43 0984223344
852 20182971 Tran_Hoa44 0994334455
853 20183972 Le_Tam44 0904445566
854 20184973 Pham_Anh43 0914556677
855 20185974 Do_Linh43 0924667788
856 20186975 Hoang_Hoa43 0934778899
857 20187976 Bui_Minh43 0944889900
858 20188977 Nguyen_Trang43 0954990011
859 20189978 Tran_Quyen44 0965001122
860 20180979 Le_Hoa44 0975112233
861 20181980 Pham_Tam44 0985223344
862 20182981 Tran_Lan43 0995334455
863 20183982 Le_Anh44 0905445566
864 20184983 Pham_Hung43 0915556677
865 20185984 Do_Quyen43 0925667788
866 20186985 Hoang_Tam44 0935778899
867 20187986 Bui_Hoa43 0945889900
868 20188987 Nguyen_Lan43 0955990011
869 20189988 Tran_Anh44 0966001122
870 20180989 Le_Trang44 0976112233
871 20181990 Pham_Minh44 0986223344
872 20182991 Tran_Hoa45 0996334455
873 20183992 Le_Tam45 0906445566
874 20184993 Pham_Anh44 0916556677
875 20185994 Do_Linh44 0926667788
876 20186995 Hoang_Hoa44 0936778899
877 20187996 Bui_Minh44 0946889900
878 20188997 Nguyen_Trang44 0956990011
879 20189998 Tran_Quyen45 0967001122
880 20180999 Le_Hoa45 0977112233
881 20182000 Pham_Tam45 0987223344
882 20183001 Tran_Lan44 0997334455
883 20184002 Le_Anh45 0907445566
884 20185003 Pham_Hung44 0917556677
885 20186004 Do_Quyen44 0927667788
886 20187005 Hoang_Tam45 0937778899
887 20188006 Bui_Hoa44 0947889900
888 20189007 Nguyen_Lan44 0957990011
889 20190008 Tran_Anh45 0968001122
890 20181009 Le_Trang45 0978112233
891 20182010 Pham_Minh45 0988223344
892 20183011 Tran_Hoa46 0998334455
893 20184012 Le_Tam46 0908445566
894 20185013 Pham_Anh45 0918556677
895 20186014 Do_Linh45 0928667788
896 20187015 Hoang_Hoa45 0938778899
897 20188016 Bui_Minh45 0948889900
898 20189017 Nguyen_Trang45 0958990011
899 20190018 Tran_Quyen46 0969001122
900 20181019 Le_Hoa46 0979112233
901 20182020 Pham_Tam46 0989223344
902 20183021 Tran_Lan45 0999334455
903 20184022 Le_Anh46 0909445566
904 20185023 Pham_Hung45 0919556677
905 20186024 Do_Quyen45 0929667788
906 20187025 Hoang_Tam46 0939778899
907 20188026 Bui_Hoa45 0949889900
908 20189027 Nguyen_Lan45 0959990011
909 20190028 Tran_Anh46 0960001122
910 20181029 Le_Trang46 0970112233
911 20182030 Pham_Minh46 0980223344
912 20183031 Tran_Hoa47 0990334455
913 20184032 Le_Tam47 0900445566
914 20185033 Pham_Anh46 0910556677
915 20186034 Do_Linh46 0920667788
916 20187035 Hoang_Hoa46 0930778899
917 20188036 Bui_Minh46 0940889900
918 20189037 Nguyen_Trang46 0950990011
919 20190038 Tran_Quyen47 0961001122
920 20181039 Le_Hoa47 0971112233
921 20182040 Pham_Tam47 0981223344
922 20183041 Tran_Lan46 0991334455
923 20184042 Le_Anh47 0901445566
924 20185043 Pham_Hung46 0911556677
925 20186044 Do_Quyen46 0921667788
926 20187045 Hoang_Tam47 0931778899
927 20188046 Bui_Hoa46 0941889900
928 20189047 Nguyen_Lan46 0951990011
929 20190048 Tran_Anh47 0962001122
930 20181049 Le_Trang47 0972112233
931 20182050 Pham_Minh47 0982223344
932 20183051 Tran_Hoa48 0992334455
933 20184052 Le_Tam48 0902445566
934 20185053 Pham_Anh47 0912556677
935 20186054 Do_Linh47 0922667788
936 20187055 Hoang_Hoa47 0932778899
937 20188056 Bui_Minh47 0942889900
938 20189057 Nguyen_Trang47 0952990011
939 20190058 Tran_Quyen48 0963001122
940 20181059 Le_Hoa48 0973112233
941 20182060 Pham_Tam48 0983223344
942 20183061 Tran_Lan47 0993334455
943 20184062 Le_Anh48 0903445566
944 20185063 Pham_Hung47 0913556677
945 20186064 Do_Quyen47 0923667788
946 20187065 Hoang_Tam48 0933778899
947 20188066 Bui_Hoa47 0943889900
948 20189067 Nguyen_Lan47 0953990011
949 20190068 Tran_Anh48 0964001122
950 20181069 Le_Trang48 0974112233
951 20182070 Pham_Minh48 0984223344
952 20183071 Tran_Hoa49 0994334455
953 20184072 Le_Tam49 0904445566
954 20185073 Pham_Anh48 0914556677
955 20186074 Do_Linh48 0924667788
956 20187075 Hoang_Hoa48 0934778899
957 20188076 Bui_Minh48 0944889900
958 20189077 Nguyen_Trang48 0954990011
959 20190078 Tran_Quyen49 0965001122
960 20181079 Le_Hoa49 0975112233
961 20182080 Pham_Tam49 0985223344
962 20183081 Tran_Lan48 0995334455
963 20184082 Le_Anh49 0905445566
964 20185083 Pham_Hung48 0915556677
965 20186084 Do_Quyen48 0925667788
966 20187085 Hoang_Tam49 0935778899
967 20188086 Bui_Hoa48 0945889900
968 20189087 Nguyen_Lan48 0955990011
969 20190088 Tran_Anh49 0966001122
970 20181089 Le_Trang49 0976112233
971 20182090 Pham_Minh49 0986223344
972 20183091 Tran_Hoa50 0996334455
973 20184092 Le_Tam50 0906445566
974 20185093 Pham_Anh49 0916556677
975 20186094 Do_Linh49 0926667788
976 20187095 Hoang_Hoa49 0936778899
977 20188096 Bui_Minh49 0946889900
978 20189097 Nguyen_Trang49 0956990011
979 20190098 Tran_Quyen50 0967001122
980 20181099 Le_Hoa50 0977112233
981 20182100 Pham_Tam50 0987223344
982 20183101 Tran_Lan49 0997334455
983 20184102 Le_Anh50 0907445566
984 20185103 Pham_Hung49 0917556677
985 20186104 Do_Quyen49 0927667788
986 20187105 Hoang_Tam50 0937778899
987 20188106 Bui_Hoa49 0947889900
988 20189107 Nguyen_Lan49 0957990011
989 20190108 Tran_Anh50 0968001122
990 20181109 Le_Trang50 0978112233
991 20182110 Pham_Minh50 0988223344
992 20183111 Tran_Hoa51 0998334455
993 20184112 Le_Tam51 0908445566
994 20185113 Pham_Anh50 0918556677
995 20186114 Do_Linh50 0928667788
996 20187115 Hoang_Hoa50 0938778899
997 20188116 Bui_Minh50 0948889900
998 20189117 Nguyen_Trang50 0958990011
999 20190118 Tran_Quyen51 0969001122
1000 20181119 Le_Hoa51 0979112233